116.0 695.461
116.2 611.688
116.4 555.249
116.6 561.485
116.8 583.085
117.0 602.753
117.2 573.632
117.4 511.413
117.6 540.505
117.8 601.089
118.0 657.355
118.2 674.051
118.4 642.125
118.6 683.992
118.8 727.533
119.0 783.393
119.2 800.130
119.4 765.776
119.6 795.161
119.8 788.929
120.0 776.219
120.2 738.116
120.4 681.766
120.6 665.912
120.8 688.632
121.0 753.129
121.2 1502.111
121.4 1682.476
121.6 1700.636
121.8 1715.237
122.0 1102.545
122.2 609.304
122.4 574.622
122.6 602.933
122.8 628.861
123.0 646.246
123.2 674.543
123.4 663.508
123.6 665.954
123.8 711.355
124.0 783.786
124.2 806.172
124.4 832.126
124.6 889.409
124.8 864.216
125.0 850.033
125.2 848.350
125.4 826.773
125.6 870.923
125.8 931.493
126.0 942.844
126.2 905.781
126.4 791.844
126.6 650.686
126.8 519.238
127.0 436.548
127.2 400.515
127.4 382.914
127.6 382.037
127.8 355.770
128.0 309.750
128.2 256.793
128.4 208.567
128.6 188.450
128.8 195.603
129.0 200.987
129.2 213.435
129.4 234.066
129.6 255.127
129.8 289.868
130.0 330.845
130.2 369.809
130.4 399.568
130.6 412.324
130.8 411.047
131.0 409.543
131.2 412.844
131.4 407.658
131.6 396.236
131.8 388.908
132.0 368.959
132.2 353.099
132.4 337.064
132.6 314.205
132.8 289.927
133.0 267.923
133.2 251.784
133.4 236.706
133.6 220.171
133.8 206.826
134.0 212.931
134.2 234.943
134.4 251.559
134.6 268.051
134.8 287.195
135.0 282.051
135.2 279.420
135.4 288.117
135.6 286.816
135.8 289.159
136.0 290.047
136.2 298.191
136.4 303.155
136.6 301.426
136.8 320.337
137.0 316.370
137.2 312.297
137.4 321.817
137.6 315.032
137.8 323.989
138.0 333.462
138.2 333.498
138.4 356.048
138.6 366.592
138.8 366.588
139.0 383.645
139.2 383.254
139.4 377.044
139.6 381.953
139.8 363.651
140.0 336.536
140.2 309.144
140.4 280.316
140.6 263.489
140.8 267.136
141.0 270.752
141.2 282.936
141.4 303.040
141.6 312.759
141.8 323.465
142.0 346.841
142.2 359.126
142.4 359.541
142.6 354.651
142.8 340.601
143.0 316.680
143.2 299.977
143.4 290.946
143.6 297.331
143.8 341.911
144.0 381.288
144.2 403.914
144.4 413.526
144.6 371.532
144.8 338.223
145.0 332.550
145.2 347.124
145.4 387.939
145.6 415.464
145.8 427.636
146.0 412.509
146.2 391.070
146.4 374.913
146.6 357.077
146.8 332.623
147.0 319.707
147.2 330.679
147.4 371.333
147.6 410.252
147.8 436.712
148.0 440.214
148.2 410.607
148.4 406.389
148.6 400.560
148.8 390.253
149.0 402.289
149.2 434.798
149.4 463.971
149.6 481.105
149.8 477.037
150.0 440.808
150.2 395.502
150.4 381.538
150.6 379.449
150.8 379.428
151.0 390.168
151.2 410.560
151.4 437.803
151.6 474.724
151.8 500.106
152.0 521.828
152.2 481.268
152.4 444.494
152.6 426.483
152.8 422.667
153.0 469.849
153.2 493.578
153.4 510.337
153.6 488.969
153.8 444.848
154.0 400.370
154.2 373.312
154.4 368.038
154.6 372.040
154.8 403.677
155.0 446.553
155.2 491.215
155.4 610.369
155.6 711.903
155.8 779.994
156.0 828.063
156.2 821.194
156.4 820.405
156.6 808.705
156.8 771.014
157.0 733.953
157.2 716.749
157.4 691.333
157.6 717.273
157.8 754.936
158.0 831.540
158.2 971.930
158.4 1196.352
158.6 1376.259
158.8 1458.932
159.0 1521.173
159.2 1454.226
159.4 1323.370
159.6 1245.579
159.8 1125.798
160.0 1027.477
160.2 1020.060
160.4 1086.814
160.6 1254.051
160.8 1485.622
161.0 1612.856
161.2 1574.665
161.4 1410.599
161.6 1114.871
161.8 895.306
162.0 724.559
162.2 621.917
162.4 584.538
162.6 576.558
162.8 586.908
163.0 616.238
163.2 598.643
163.4 527.594
163.6 443.287
163.8 345.418
164.0 281.923
164.2 241.075
164.4 217.342
164.6 209.189
164.8 205.181
165.0 195.571
165.2 182.983
165.4 170.576
165.6 160.374
165.8 150.036
166.0 140.547
166.2 130.458
166.4 120.556
166.6 113.795
166.8 108.871
167.0 104.390
167.2 100.495
167.4 97.621
167.6 94.477
167.8 91.960
168.0 89.614
168.2 86.809
168.4 84.024
168.6 81.637
168.8 79.527
169.0 77.694
169.2 76.266
169.4 75.056
169.6 73.791
169.8 73.105
170.0 71.777
