#
# Relative radiance of NIST D_2 lamp 7 @ 300mA
# ( calibrated with Ar mini arc @ 45 A below 330 nm 
# and Tungsten strip lamp above 330 nm   12/98)
# valid range : 200 - 350 nm
#
# wavelength / nm     radiance / W cm^-3 sr^-1
190.84018316     19884.3081462
191.85470382     19921.30754764
192.86922448     19949.71272604
193.88374514     19969.79066407
194.89826581     19981.80318808
195.91278647     19986.00703439
196.92730713     19982.65391522
197.94182779     19971.99058394
198.95634845     19954.25889991
199.97086911     19929.69589271
200.98538977     19898.53382594
201.99991044     19861.0002604
203.0144311      19817.31811687
204.02895176     19767.70573828
205.04347242     19712.37695139
206.05799308     19651.54112801
207.07251374     19585.40324567
208.0870344      19514.16394777
209.10155507     19438.01960328
210.11607573     19357.16236587
211.13059639     19271.78023261
212.14511705     19182.05710212
213.15963771     19088.17283223
214.17415837     18990.3032972
215.18867903     18888.62044439
216.2031997      18783.29235041
217.21772036     18674.48327692
218.23224102     18562.35372578
219.24676168     18447.0604938
220.26128234     18328.75672705
221.275803       18207.59197457
222.29032366     18083.71224172
223.30484433     17957.26004297
224.31936499     17828.37445426
225.33388565     17697.19116492
226.34840631     17563.84252899
227.36292697     17428.45761625
228.37744763     17291.16226264
229.39196829     17152.07912026
230.40648896     17011.32770699
231.42100962     16869.02445548
232.43553028     16725.28276187
233.45005094     16580.21303387
234.4645716      16433.92273858
235.47909226     16286.51644967
236.49361292     16138.09589424
237.50813359     15988.75999918
238.52265425     15838.60493708
239.53717491     15687.72417174
240.55169557     15536.20850315
241.56621623     15384.14611214
242.58073689     15231.62260449
243.59525755     15078.72105467
244.60977822     14925.52204915
245.62429888     14772.10372919
246.63881954     14618.54183333
247.6533402      14464.90973932
248.66786086     14311.27850574
249.68238152     14157.71691312
250.69690218     14004.29150464
251.71142285     13851.06662647
252.72594351     13698.10446759
253.74046417     13545.46509934
254.75498483     13393.20651437
255.76950549     13241.38466537
256.78402615     13090.05350321
257.79854681     12939.26501482
258.81306748     12789.06926056
259.82758814     12639.51441126
260.8421088      12490.64678478
261.85662946     12342.51088226
262.87115012     12195.14942385
263.88567078     12048.60338421
264.90019144     11902.91202743
265.91471211     11758.11294171
266.92923277     11614.24207356
267.94375343     11471.33376163
268.95827409     11329.42077018
269.97279475     11188.53432213
270.98731541     11048.70413176
272.00183607     10909.95843699
273.01635674     10772.32403129
274.0308774      10635.82629528
275.04539806     10500.48922784
276.05991872     10366.33547695
277.07443938     10233.38637007
278.08896004     10101.66194425
279.1034807      9971.18097576
280.11800137     9841.96100947
281.13252203     9714.01838777
282.14704269     9587.36827917
283.16156335     9462.02470658
284.17608401     9338.00057514
285.19060467     9215.30769977
286.20512533     9093.95683235
287.219646       8973.95768853
288.23416666     8855.3189742
289.24868732     8738.04841164
290.26320798     8622.15276527
291.27772864     8507.63786706
292.2922493      8394.50864172
293.30676996     8282.76913136
294.32129063     8172.42251992
295.33581129     8063.47115732
296.35033195     7955.91658311
297.36485261     7849.75954998
298.37937327     7745.00004676
299.39389393     7641.63732124
300.40841459     7539.66990258
301.42293526     7439.09562342
302.43745592     7339.91164166
303.45197658     7242.11446196
304.46649724     7145.69995682
305.4810179      7050.66338749
306.49553856     6956.99942446
307.51005922     6864.70216764
308.52457989     6773.76516631
309.53910055     6684.18143868
310.55362121     6595.94349114
311.56814187     6509.04333732
312.58266253     6423.47251672
313.59718319     6339.22211306
314.61170385     6256.28277243
315.62622452     6174.64472101
316.64074518     6094.2977826
317.65526584     6015.2313958
318.6697865      5937.43463091
319.68430716     5860.89620656
320.69882782     5785.60450607
321.71334848     5711.54759343
322.72786915     5638.71322913
323.74238981     5567.08888563
324.75691047     5496.66176254
325.77143113     5427.41880158
326.78595179     5359.34670124
327.80047245     5292.43193114
328.81499311     5226.66074617
329.82951378     5162.01920031
330.84403444     5098.49316025
331.8585551      5036.06831864
332.87307576     4974.73020723
333.88759642     4914.46420957
334.90211708     4855.25557361
335.91663774     4797.08942395
336.93115841     4739.95077387
337.94567907     4683.8245371
338.96019973     4628.69553932
339.97472039     4574.54852946
340.98924105     4521.36819071
342.00376171     4469.1391513
343.01828237     4417.84599503
344.03280304     4367.47327156
345.0473237      4318.00550652
346.06184436     4269.42721125
347.07636502     4221.72289243
348.09088568     4174.87706146
349.10540634     4128.87424349
350.119927       4083.69898644
351.13444767     4039.33586954
352.14896833     3995.76951186
353.16348899     3952.9845805
354.17800965     3910.96579856
355.19253031     3869.69795297
356.20705097     3829.165902
357.22157163     3789.35458265
358.2360923      3750.24901773
359.25061296     3711.83432287
360.26513362     3674.09571313
361.27965428     3637.01850957
362.29417494     3600.58814553
363.3086956      3564.79017273
364.32321626     3529.61026719
365.33773693     3495.03423488
366.35225759     3461.04801725
367.36677825     3427.63769653
368.38129891     3394.78950084
369.39581957     3362.48980912
370.41034023     3330.72515584
371.42486089     3299.48223555
372.43938156     3268.74790726
373.45390222     3238.50919859
374.46842288     3208.75330974
375.48294354     3179.4676174
376.4974642      3150.63967824
377.51198486     3122.25723252
378.52650553     3094.30820727
379.54102619     3066.78071943
380.55554685     3039.66307884
381.57006751     3012.94379098
382.58458817     2986.61155959
383.59910883     2960.65528909
384.61362949     2935.06408695
385.62815016     2909.82726574
386.64267082     2884.93434509
387.65719148     2860.3750536
388.67171214     2836.1393304
389.6862328      2812.21732671
390.70075346     2788.5994072
391.71527412     2765.27615117
392.72979479     2742.23835364
393.74431545     2719.47702629
394.75883611     2696.98339818
395.77335677     2674.74891645
396.78787743     2652.76524679
397.80239809     2631.02427383
398.81691875     2609.51810133
399.83143942     2588.23905232
400.84596008     2567.17966907
401.86048074     2546.3327129
402.8750014      2525.69116391
403.88952206     2505.24822059
404.90404272     2484.99729927
405.91856338     2464.93203349
406.93308405     2445.04627319
407.94760471     2425.33408387
408.96212537     2405.78974557
409.97664603     2386.40775175
410.99116669     2367.1828081
412.00568735     2348.10983118
413.02020801     2329.18394699
414.03472868     2310.40048944
415.04924934     2291.75499871
416.06377        2273.24321947
417.07829066     2254.86109911
418.09281132     2236.60478571
419.10733198     2218.47062611
420.12185264     2200.45516367
421.13637331     2182.55513619
422.15089397     2164.76747346
423.16541463     2147.08929498
424.17993529     2129.51790746
425.19445595     2112.05080221
426.20897661     2094.68565261
427.22349727     2077.42031123
428.23801794     2060.25280723
429.2525386     2043.18134332
430.26705926     2026.20429293
431.28157992     2009.32019718
432.29610058     1992.52776174
433.31062124     1975.82585377
434.3251419      1959.2134986
435.33966257     1942.68987659
436.35418323     1926.2543197
437.36870389     1909.90630811
438.38322455     1893.6454668
439.39774521     1877.471562
440.41226587     1861.38449765
441.42678653     1845.38431187
442.4413072      1829.47117311
443.45582786     1813.64537668
444.47034852     1797.90734078
445.48486918     1782.25760287
446.49938984     1766.69681575
447.5139105      1751.22574374
448.52843116     1735.84525869
449.54295183     1720.55633611
450.55747249     1705.36005115
451.57199315     1690.25757463
452.58651381     1675.25016895
453.60103447     1660.33918404
454.61555513     1645.5260533
455.63007579     1630.81228945
456.64459646     1616.19948039
457.65911712     1601.68928508
458.67363778     1587.28342932
459.68815844     1572.9837016
460.7026791      1558.79194888
461.71719976     1544.7100724
462.73172042     1530.74002338
463.74624109     1516.88379893
464.76076175     1503.14343769
465.77528241     1489.52101561
466.78980307     1476.01864176
467.80432373     1462.63845408
468.81884439     1449.38261509
469.83336505     1436.25330772
470.84788572     1423.25273102
471.86240638     1410.38309603
472.87692704     1397.64662146
473.8914477      1385.0455296
474.90596836     1372.58204206
475.92048902     1360.25837564
476.93500968     1348.0767382
477.94953035     1336.03932449
478.96405101     1324.14831208
479.97857167     1312.40585727
480.99309233     1300.81409101
482.00761299     1289.37511492
483.02213365     1278.09099727
484.03665431     1266.96376903
485.05117498     1255.99541987
486.06569564     1245.18789439
487.0802163      1234.54308816
488.09473696     1224.06284399
489.10925762     1213.74894805
490.12377828     1203.60312622
491.13829894     1193.6270404
492.15281961     1183.82228486
493.16734027     1174.19038262
494.18186093     1164.73278201
495.19638159     1155.45085308
496.21090225     1146.34588423
497.22542291     1137.41907886
498.23994357     1128.67155203
499.25446424     1120.10432722
500.2689849      1111.71833318
501.28350556     1103.51440077
502.29802622     1095.49325992
503.31254688     1087.65553669
504.32706754     1080.00175032
505.3415882      1072.53231044
506.35610887     1065.24751423
507.37062953     1058.14754386
508.38515019     1051.23246379
509.39967085     1044.50221829
510.41419151     1037.95662903
511.42871217     1031.59539265
512.44323283     1025.41807861
513.4577535      1019.42412689
514.47227416     1013.61284606
515.48679482     1007.98341111
516.50131548     1002.53486174
517.51583614     997.26610041
518.5303568      992.17589078
519.54487746     987.26285598
520.55939813     982.52547725
521.57391879     977.96209244
522.58843945     973.5708948
523.60296011     969.34993179
524.61748077     965.29710402
525.63200143     961.41016434
526.64652209     957.6867169
527.66104276     954.12421661
528.67556342     950.71996835
529.69008408     947.47112669
530.70460474     944.37469534
531.7191254      941.42752714
532.73364606     938.62632377
533.74816672     935.96763592
534.76268739     933.44786335
535.77720805     931.06325524
536.79172871     928.80991064
537.80624937     926.68377899
538.82077003     924.68066079
539.83529069     922.79620859
540.84981135     921.0259278
541.86433202     919.36517797
542.87885268     917.809174
543.89337334     916.35298754
544.907894       914.99154865
545.92241466     913.71964746
546.93693532     912.53193617
547.95145598     911.4229309
548.96597665     910.38701407
549.98049731     909.41843673
550.99501797     908.51132098
552.00953863     907.65966281
553.02405929     906.85733479
554.03857995     906.09808928
555.05310061     905.37556154
556.06762128     904.68327299
557.08214194     904.01463499
558.0966626      903.3629523
559.11118326     902.7214272
560.12570392     902.08316338
561.14022458     901.44117043
562.15474524     900.78836797
563.16926591     900.1175906
564.18378657     899.4215925
565.19830723     898.69305257
566.21282789     897.92457953
567.22734855     897.10871739
568.24186921     896.23795101
569.25638987     895.30471189
570.27091054     894.30138418
571.2854312      893.22031088
572.29995186     892.05380015
573.31447252     890.79413209
574.32899318     889.43356527
575.34351384     887.96434413
576.3580345      886.37870585
577.37255517     884.66888802
578.38707583     882.8271362
579.40159649     880.84571187
580.41611715     878.71690049
581.43063781     876.43301977
582.44515847     873.98642839
583.45967913     871.36953457
584.4741998      868.57480515
585.48872046     865.59477486
586.50324112     862.42205582
587.51776178     859.04934702
588.53228244     855.46944452
589.5468031      851.6752514
590.56132376     847.65978834
591.57584443     843.41620416
592.59036509     838.93778679
593.60488575     834.21797427
594.61940641     829.25036635
595.63392707     824.02873591
596.64844773     818.54704106
597.66296839     812.7994371
598.67748906     806.78028897
599.69200972     800.48418398
600.70653038     793.90594466
